c <- c(9, 10, 19, 24, 31, 40, 51, 64, 79, 90)


